6
initial configuration
Eu  0  0  0
O  0  0  2
B  2  0  0
C  -2  0  0
N  0  1.73205  -1
N  0  -1.73205  -1
6
title
Eu  0  0  0
O  0  0  2
B  2  0  0
C  0  1.73205  -1
N  -2  0  0
N  0  -1.73205  -1
6
title
Eu  0  0  0
O  0  0  2
B  2  0  0
C  0  -1.73205  -1
N  -2  0  0
N  0  1.73205  -1
6
title
Eu  0  0  0
O  0  0  2
B  0  1.73205  -1
C  2  0  0
N  -2  0  0
N  0  -1.73205  -1
6
title
Eu  0  0  0
O  0  0  2
B  0  1.73205  -1
C  -2  0  0
N  2  0  0
N  0  -1.73205  -1
6
title
Eu  0  0  0
O  0  0  2
B  0  1.73205  -1
C  0  -1.73205  -1
N  2  0  0
N  -2  0  0
6
title
Eu  0  0  0
O  2  0  0
B  0  0  2
C  -2  0  0
N  0  1.73205  -1
N  0  -1.73205  -1
6
title
Eu  0  0  0
O  2  0  0
B  0  0  2
C  0  1.73205  -1
N  -2  0  0
N  0  -1.73205  -1
6
title
Eu  0  0  0
O  2  0  0
B  0  0  2
C  0  -1.73205  -1
N  -2  0  0
N  0  1.73205  -1
6
title
Eu  0  0  0
O  2  0  0
B  -2  0  0
C  0  0  2
N  0  1.73205  -1
N  0  -1.73205  -1
