33
  0.4485908078510366  
  0.2709352768696032  
  0.2406469403567597  
 -0.7244742489098495  
  0.7244467203760526  
 -0.2709555717253408  
 -0.8969825291022665  
  0.9315862340972191  
 -0.2258804458209641  
 -0.6313356432545961  
  0.0790755094638552  
-0.1033401892527689 
-0.7294142649920697 
-0.9015912300368629 
-0.6392488117268278 
 0.6393173528770433 
 0.7294220393363380 
 0.4154118511111259 
-0.0786627111442860 
 0.0843420806563602 
-0.2822811093082163 
 0.8756162935647416 
  -0.8877426949272836
   0.6281312806839586
  -0.3594750394916824
   0.2578720988636579
  -0.2577795019908906
  -0.6281134982480567
   0.1511798149282154
   0.3549074052707156
   0.9704970054700213
  -0.7223106540014678
   0.4764904723569781