27
  0.6141566546840608   
 -0.1045749809489655   
 -0.5021331581372005   
  0.0089786111102264   
  0.6455219918778340   
 -0.4266462346898252   
 -0.9707546255324543   
  0.8844870623721193   
 -0.1501692870203816   
 -0.2449378835028620
 -0.3233248024540852
 -0.3768942812396480
 -0.9994921795824343
  0.7425936102522520
  0.7187534246519054
 -0.0762909084595722
 -0.1986776501796132
  0.7572907560970049
  -0.7502113280485850
   0.9404919699165699
  -0.7783398950767013
   0.0305739676209385
  -0.1784827387020939
  -0.5489685828680475
   0.2276294231723077
   0.4221490587641362
   0.6355783948230279