36
  0.8073338890668486    
  0.5088525493161140    
 -0.0747701661173458    
 -0.5395762754401006    
  0.5395196930212246    
 -0.5088121840167992    
 -0.8072986500401687    
  0.8888792469849658    
  0.0562086833606962    
 -0.0561517292026360    
  0.0748175257010866    
 -0.8888990492210951    
-0.3099131283890991
-0.7634154959136668
-0.8801018242701694
-0.7059842756807418
 0.7060254296849456
 0.7634720567904832
 0.3099775624972753
 0.2170647545982836
-0.0287352581716267
 0.0286639500187423
 0.8800637251647621
-0.2170325579380136
-0.5021611737443260
 0.3978264240260845
-0.4688605348876193
 0.4587413710073760
-0.4587445841429319
-0.3977695059907985
 0.5021780564616191
 0.4034557926100789
 0.9980054453021121
-0.9980107019851424
 0.4689244901869484
-0.4034294846546491