30
  0.4973078089680630 
  0.0304452706353328 
  0.3430887169253838 
 -0.6485501148284173 
  0.6485899975439954 
 -0.3785649450057356 
 -0.8931741803737044 
  0.9269702911302619 
  0.0518083922060254 
 -0.5781290938901261 
  0.0863831182959422 
 -0.5366141394305292 
 -0.8696517574552808 
 -0.7600632270689124 
  0.7600266650819731 
  0.8618101120989483 
  0.2263115559913924 
 -0.2204772111914240 
  0.5564562332541331 
 -0.1040316805212792 
 -0.8632629379353974
  0.8432783353431855
 -0.3549590864781957
  0.0410687157534499
 -0.0411154891768829
 -0.3375972646465051
  0.3886167303893594
  0.3035059780418331
  0.8292601226211522
 -0.8092862041612351