24
  0.8358870732239160    
  0.4770284014005678    
 -0.2344335177506721    
 -0.5933734525476017    
  0.5933998679152360    
 -0.4769536803342567    
 -0.8359477024134211    
  0.2343775993596996    
-0.3115581240385101
-0.6496359425887236
-0.4463675871390435
-0.7844448252053269
 0.7844301658204665
 0.6496576287349872
 0.3114629003556702
 0.4464632144328851
 -0.4519118676940894
  0.5919603418761086
 -0.8635953351580322
  0.1804279967752324
 -0.1804048550041148
 -0.5919967501955068
  0.4518653566404003
  0.8635610801076203