2.444
3.025


x2
y2
z2
4.08
0
1.5


1
-0.055820825000000074
0.00000000000000000
3.0253457749999999
4.9441791750000004
0.00000000000000000
3.0253457749999999
x1
2.4441791749999999
0.00000000000000000
3.0253457749999999
x2
-1.2138499165978943e-16
-0.24887237215434030
-0.96853628862230634



2
-0.055820825000000074
0.00000000000000000
3.0253457749999999
4.9441791750000004
0.00000000000000000
3.0253457749999999
x1
2.4441791749999999
0.00000000000000000
3.0253457749999999
x2
8.0556016441772171e-17
-0.30252474757313469
-0.95314153046953687
angle
0.73562350726986414


